1
101
102
103
104
105
106
107
108
109
110
111
112
113
114
115
116
117
118
119
120
121
122
123
124
125
126
127
128
129
130
131
132
133
134
135
136
137
138
139
140
141
142
143
144
145
146
147
148
149
150
151
152
153
154
155
156
157
158
159
160
161
162
163
164
165
166
167
168
169
170
171
172
173
174
175
176
177
178
179
180
181
182
183
184
185
186
201
202
203
204
205
206
207
208
209
210
211
212
213
214
215
216
217
218
219
220
221
222
231
232
233
234
235
236
237
238
239
240
241
242
243
244
245
246
247
248
249
250
251
260
261
262
263
264
265
266
267
268
269
270
271
272
273
274
275
276
277
278
279
280
281
282
303
402
888
1802
1803
1805
1806
1808
1809
1812
1816
1825
1826
1827
1828
1829
1830
1831
1832
1833
1834
1835
1836
1837
1838
1839
1840
1841
1842
1843
1844
1845
1846
1847
1848
1849
1850
1851
1852
1853
1854
1855
1856
1857
1858
1859
1860
1861
1862
1863
1864
1865
1866
1867
1868
1869
1870
1871
1872
1873
1874
1875
1876
1877
1878
500000
932914
937360
938299
946526
948925
949058
950617
952280
952981
956374
956908
958570
964205
967234
983046
984451
990713
992861
995745
997469
1000000
1394641
1404595
1406021
1413065
1414375
1420553
1421315
1421864
1423547
1424104
1425433
1431823
1433380
1433486
1435517
1436333
1440835
1449860
1451482
1453366
1455458
1456935
1456973
1459319
1459320
1462952
1463069
1463197
1466118
1474082
1476999
1483225
1484593
1484982
1487210
1487551
1489681
1490345
1491632
1492154
1492206
1492739
1492817
1498778
1498885
1500000
1825574
1825688
1836698
1859088
1861789
1887536
1893341
1895007
1895691
1906470
1909523
1923247
1932696
1946384
1952165
1956528
1957257
1960448
1961950
1968361
1970499
1971383
1973254
1976399
1979910
1980813
1984313
1984873
1986452
1987022
1990934
1995323
1995387
